Unprocessed bit streams captured from a Nevco 2-MC scoreboard controller with the following controls:
- Home score: 100's place, 10's place, 1's place, Bonus
- Guest score: 100's place, 10's place, 1's place, Bonus
- Timer: Reset to zero, Time in/out, Reset,
         10's place (Limited to 0,1,2), 1's place, Up/Down
- Horn: Press to sound

              00000000 00000000 11111111 11111111 22222222 22222222 33333333 33333333 44444444 44444444 55555555 55555555 66666666 66666666 77777777 77777777 88888888 88888888 99999999 99999999 AAAAAAAA AAAAAAAA BBBBBBBB BBBBBBBB CCCCCCCC CCCCCCCC DDDDDDDD DDDDDDDD EEEEEEEE EEEEEEEE FFFFFFFF FFFFFFFF
              01234567 89ABCDEF 01234567 89ABCDEF 01234567 89ABCDEF 01234567 89ABCDEF 01234567 89ABCDEF 01234567 89ABCDEF 01234567 89ABCDEF 01234567 89ABCDEF 01234567 89ABCDEF 01234567 89ABCDEF 01234567 89ABCDEF 01234567 89ABCDEF 01234567 89ABCDEF 01234567 89ABCDEF 01234567 89ABCDEF 01234567 89ABCDEF

Period0:      r1110000 11111111 11111000 11111111 11110100 11101111 11111100 00001111 11110010 11111111 11111010 00001111 11110110 00001111 11111110 00001111 11110001 00001111 11111001 11111111 11110101 11111111 11111101 11111111 11110011 11111111 11111011 11111111 11110111 11111111 11111111 11111111
Period1:      r1110000 11111111 11111000 11111111 11110100 11101111 11111100 10001111 11110010 11111111 11111010 00001111 11110110 00001111 11111110 00001111 11110001 00001111 11111001 11111111 11110101 11111111 11111101 11111111 11110011 11111111 11111011 11111111 11110111 11111111 11111111 11111111
Period2:      r1110000 11111111 11111000 11111111 11110100 11101111 11111100 01001111 11110010 11111111 11111010 00001111 11110110 00001111 11111110 00001111 11110001 00001111 11111001 11111111 11110101 11111111 11111101 11111111 11110011 11111111 11111011 11111111 11110111 11111111 11111111 11111111
Period3:      r1110000 11111111 11111000 11111111 11110100 11101111 11111100 00101111 11110010 11111111 11111010 00001111 11110110 00001111 11111110 00001111 11110001 00001111 11111001 11111111 11110101 11111111 11111101 11111111 11110011 11111111 11111011 11111111 11110111 11111111 11111111 11111111
Period4:      r1110000 11111111 11111000 11111111 11110100 11101111 11111100 00011111 11110010 11111111 11111010 00001111 11110110 00001111 11111110 00001111 11110001 00001111 11111001 11111111 11110101 11111111 11111101 11111111 11110011 11111111 11111011 11111111 11110111 11111111 11111111 11111111

NoHorn:       r1110000 11111111 11111000 11111111 11110100 11101111 11111100 00001111 11110010 11111111 11111010 00001111 11110110 00001111 11111110 00001111 11110001 00001111 11111001 11111111 11110101 11111111 11111101 11111111 11110011 11111111 11111011 11111111 11110111 11111111 11111111 11111111
HornPressed:  r1110000 11111111 11111000 11111111 11110100 11101111 11111100 00001111 11110010 11111111 11111010 00001111 11110110 00011111 11111110 00001111 11110001 00001111 11111001 11111111 11110101 11111111 11111101 11111111 11110011 11111111 11111011 11111111 11110111 11111111 11111111 11111111

Timer  0:00:  r1110000 11111111 11111000 11111111 11110100 11101111 11111100 00001111 11110010 11111111 11111010 00001111 11110110 00001111 11111110 00001111 11110001 00001111 11111001 11111111 11110101 11111111 11111101 11111111 11110011 11111111 11111011 11111111 11110111 11111111 11111111 11111111
Timer  1:00:  r1110000 11111111 11111000 11111111 11110100 11101111 11111100 00001111 11110010 11111111 11111010 00001111 11110110 00001111 11111110 10001111 11110001 00001111 11111001 11111111 11110101 11111111 11111101 11111111 11110011 11111111 11111011 11111111 11110111 11111111 11111111 11111111
Timer  2:00:  r1110000 11111111 11111000 11111111 11110100 11101111 11111100 00001111 11110010 11111111 11111010 00001111 11110110 00001111 11111110 01001111 11110001 00001111 11111001 11111111 11110101 11111111 11111101 11111111 11110011 11111111 11111011 11111111 11110111 11111111 11111111 11111111
Timer  3:00:  r1110000 11111111 11111000 11111111 11110100 11101111 11111100 00001111 11110010 11111111 11111010 00001111 11110110 00001111 11111110 11001111 11110001 00001111 11111001 11111111 11110101 11111111 11111101 11111111 11110011 11111111 11111011 11111111 11110111 11111111 11111111 11111111
Timer  4:00:  r1110000 11111111 11111000 11111111 11110100 11101111 11111100 00001111 11110010 11111111 11111010 00001111 11110110 00001111 11111110 00101111 11110001 00001111 11111001 11111111 11110101 11111111 11111101 11111111 11110011 11111111 11111011 11111111 11110111 11111111 11111111 11111111
Timer  5:00:  r1110000 11111111 11111000 11111111 11110100 11101111 11111100 00001111 11110010 11111111 11111010 00001111 11110110 00001111 11111110 10101111 11110001 00001111 11111001 11111111 11110101 11111111 11111101 11111111 11110011 11111111 11111011 11111111 11110111 11111111 11111111 11111111
Timer  6:00:  r1110000 11111111 11111000 11111111 11110100 11101111 11111100 00001111 11110010 11111111 11111010 00001111 11110110 00001111 11111110 01101111 11110001 00001111 11111001 11111111 11110101 11111111 11111101 11111111 11110011 11111111 11111011 11111111 11110111 11111111 11111111 11111111
Timer  7:00:  r1110000 11111111 11111000 11111111 11110100 11101111 11111100 00001111 11110010 11111111 11111010 00001111 11110110 00001111 11111110 11101111 11110001 00001111 11111001 11111111 11110101 11111111 11111101 11111111 11110011 11111111 11111011 11111111 11110111 11111111 11111111 11111111

Timer  8:00:  r1110000 11111111 11111000 11111111 11110100 11101111 11111100 00001111 11110010 11111111 11111010 00001111 11110110 00001111 11111110 00011111 11110001 00001111 11111001 11111111 11110101 11111111 11111101 11111111 11110011 11111111 11111011 11111111 11110111 11111111 11111111 11111111
Timer  9:00:  r1110000 11111111 11111000 11111111 11110100 11101111 11111100 00001111 11110010 11111111 11111010 00001111 11110110 00001111 11111110 10011111 11110001 00001111 11111001 11111111 11110101 11111111 11111101 11111111 11110011 11111111 11111011 11111111 11110111 11111111 11111111 11111111
Timer 10:00:  r1110000 11111111 11111000 11111111 11110100 11101111 11111100 00001111 11110010 11111111 11111010 00001111 11110110 00001111 11111110 00001111 11110001 10001111 11111001 11111111 11110101 11111111 11111101 11111111 11110011 11111111 11111011 11111111 11110111 11111111 11111111 11111111
Timer 20:00:  r1110000 11111111 11111000 11111111 11110100 11101111 11111100 00001111 11110010 11111111 11111010 00001111 11110110 00001111 11111110 00001111 11110001 01001111 11111001 11111111 11110101 11111111 11111101 11111111 11110011 11111111 11111011 11111111 11110111 11111111 11111111 11111111
Timer 30:00:  r1110000 11111111 11111000 11111111 11110100 11101111 11111100 00001111 11110010 11111111 11111010 00001111 11110110 00001111 11111110 00001111 11110001 11001111 11111001 11111111 11110101 11111111 11111101 11111111 11110011 11111111 11111011 11111111 11110111 11111111 11111111 11111111
Timer 40:00:  r1110000 11111111 11111000 11111111 11110100 11101111 11111100 00001111 11110010 11111111 11111010 00001111 11110110 00001111 11111110 00001111 11110001 00001111 11111001 11111111 11110101 11111111 11111101 11111111 11110011 11111111 11111011 11111111 11110111 11111111 11111111 11111111
Timer 50:00:  r1110000 11111111 11111000 11111111 11110100 11101111 11111100 00001111 11110010 11111111 11111010 00001111 11110110 00001111 11111110 00001111 11110001 10001111 11111001 11111111 11110101 11111111 11111101 11111111 11110011 11111111 11111011 11111111 11110111 11111111 11111111 11111111
Timer 60:00:  r1110000 11111111 11111000 11111111 11110100 11101111 11111100 00001111 11110010 11111111 11111010 00001111 11110110 00001111 11111110 00001111 11110001 01001111 11111001 11111111 11110101 11111111 11111101 11111111 11110011 11111111 11111011 11111111 11110111 11111111 11111111 11111111
Timer  9:59:  r1110000 11111111 11111000 11111111 11110100 11101111 11111100 00001111 11110010 11111111 11111010 10011111 11110110 10101111 11111110 10011111 11110001 00001111 11111001 11111111 11110101 11111111 11111101 11111111 11110011 11111111 11111011 11111111 11110111 11111111 11111111 11111111
Timer  9:58:  r1110000 11111111 11111000 11111111 11110100 11101111 11111100 00001111 11110010 11111111 11111010 00011111 11110110 10101111 11111110 10011111 11110001 00001111 11111001 11111111 11110101 11111111 11111101 11111111 11110011 11111111 11111011 11111111 11110111 11111111 11111111 11111111
Timer  9:57:  r1110000 11111111 11111000 11111111 11110100 11101111 11111100 00001111 11110010 11111111 11111010 11101111 11110110 10101111 11111110 10011111 11110001 00001111 11111001 11111111 11110101 11111111 11111101 11111111 11110011 11111111 11111011 11111111 11110111 11111111 11111111 11111111
Timer  9:56:  r1110000 11111111 11111000 11111111 11110100 11101111 11111100 00001111 11110010 11111111 11111010 01101111 11110110 10101111 11111110 10011111 11110001 00001111 11111001 11111111 11110101 11111111 11111101 11111111 11110011 11111111 11111011 11111111 11110111 11111111 11111111 11111111
Timer  9:55:  r1110000 11111111 11111000 11111111 11110100 11101111 11111100 00001111 11110010 11111111 11111010 10101111 11110110 10101111 11111110 10011111 11110001 00001111 11111001 11111111 11110101 11111111 11111101 11111111 11110011 11111111 11111011 11111111 11110111 11111111 11111111 11111111
Timer  9:54:  r1110000 11111111 11111000 11111111 11110100 11101111 11111100 00001111 11110010 11111111 11111010 00101111 11110110 10101111 11111110 10011111 11110001 00001111 11111001 11111111 11110101 11111111 11111101 11111111 11110011 11111111 11111011 11111111 11110111 11111111 11111111 11111111
Timer  9:53:  r1110000 11111111 11111000 11111111 11110100 11101111 11111100 00001111 11110010 11111111 11111010 11001111 11110110 10101111 11111110 10011111 11110001 00001111 11111001 11111111 11110101 11111111 11111101 11111111 11110011 11111111 11111011 11111111 11110111 11111111 11111111 11111111
Timer  9:52:  r1110000 11111111 11111000 11111111 11110100 11101111 11111100 00001111 11110010 11111111 11111010 01001111 11110110 10101111 11111110 10011111 11110001 00001111 11111001 11111111 11110101 11111111 11111101 11111111 11110011 11111111 11111011 11111111 11110111 11111111 11111111 11111111
Timer  9:51:  r1110000 11111111 11111000 11111111 11110100 11101111 11111100 00001111 11110010 11111111 11111010 10001111 11110110 10101111 11111110 10011111 11110001 00001111 11111001 11111111 11110101 11111111 11111101 11111111 11110011 11111111 11111011 11111111 11110111 11111111 11111111 11111111
Timer  9:50:  r1110000 11111111 11111000 11111111 11110100 11101111 11111100 00001111 11110010 11111111 11111010 00001111 11110110 10101111 11111110 10011111 11110001 00001111 11111001 11111111 11110101 11111111 11111101 11111111 11110011 11111111 11111011 11111111 11110111 11111111 11111111 11111111
Timer  9:40:  r1110000 11111111 11111000 11111111 11110100 11101111 11111100 00001111 11110010 11111111 11111010 00001111 11110110 00101111 11111110 10011111 11110001 00001111 11111001 11111111 11110101 11111111 11111101 11111111 11110011 11111111 11111011 11111111 11110111 11111111 11111111 11111111
Timer  9:30:  r1110000 11111111 11111000 11111111 11110100 11101111 11111100 00001111 11110010 11111111 11111010 00001111 11110110 11001111 11111110 10011111 11110001 00001111 11111001 11111111 11110101 11111111 11111101 11111111 11110011 11111111 11111011 11111111 11110111 11111111 11111111 11111111
Timer  9:20:  r1110000 11111111 11111000 11111111 11110100 11101111 11111100 00001111 11110010 11111111 11111010 00001111 11110110 01001111 11111110 10011111 11110001 00001111 11111001 11111111 11110101 11111111 11111101 11111111 11110011 11111111 11111011 11111111 11110111 11111111 11111111 11111111
Timer  9:10:  r1110000 11111111 11111000 11111111 11110100 11101111 11111100 00001111 11110010 11111111 11111010 00001111 11110110 10001111 11111110 10011111 11110001 00001111 11111001 11111111 11110101 11111111 11111101 11111111 11110011 11111111 11111011 11111111 11110111 11111111 11111111 11111111

NoScore:      r1110000 11111111 11111000 11111111 11110100 11001111 11111100 00001111 11110010 11111111 11111010 00001111 11110110 00001111 11111110 00001111 11110001 00001111 11111001 11111111 11110101 11111111 11111101 11111111 11110011 11111111 11111011 11111111 11110111 11111111 11111111 11111111
Home1BB:      r1110000 11111111 11111000 11111111 11110100 11101111 11111100 00001111 11110010 11111111 11111010 00001111 11110110 00001111 11111110 00001111 11110001 00001111 11111001 11111111 11110101 11111111 11111101 11111111 11110011 11111111 11111011 11111111 11110111 11111111 11111111 11111111
Guest1BB:     r1110000 11111111 11111000 11111111 11110100 11011111 11111100 00001111 11110010 11111111 11111010 00001111 11110110 00001111 11111110 00001111 11110001 00001111 11111001 11111111 11110101 11111111 11111101 11111111 11110011 11111111 11111011 11111111 11110111 11111111 11111111 11111111
HomeBon:      r1110000 11111111 11111000 11111111 11110100 11001111 11111100 00001111 11110010 11111111 11111010 00001111 11110110 00001111 11111110 00001111 11110001 00101111 11111001 11111111 11110101 11111111 11111101 11111111 11110011 11111111 11111011 11111111 11110111 11111111 11111111 11111111
GuestBon:     r1110000 11111111 11111000 11111111 11110100 11001111 11111100 00001111 11110010 11111111 11111010 00001111 11110110 00001111 11111110 00001111 11110001 00011111 11111001 11111111 11110101 11111111 11111101 11111111 11110011 11111111 11111011 11111111 11110111 11111111 11111111 11111111
GuestBB0:     r1110000 11111111 11111000 00001111 11110100 11001111 11111100 00001111 11110010 11111111 11111010 00001111 11110110 00001111 11111110 00001111 11110001 00001111 11111001 11111111 11110101 11111111 11111101 11111111 11110011 11111111 11111011 11111111 11110111 11111111 11111111 11111111
GuestBB1:     r1110000 11111111 11111000 10001111 11110100 11001111 11111100 00001111 11110010 11111111 11111010 00001111 11110110 00001111 11111110 00001111 11110001 00001111 11111001 11111111 11110101 11111111 11111101 11111111 11110011 11111111 11111011 11111111 11110111 11111111 11111111 11111111
GuestBB2:     r1110000 11111111 11111000 01001111 11110100 11001111 11111100 00001111 11110010 11111111 11111010 00001111 11110110 00001111 11111110 00001111 11110001 00001111 11111001 11111111 11110101 11111111 11111101 11111111 11110011 11111111 11111011 11111111 11110111 11111111 11111111 11111111
GuestBB3:     r1110000 11111111 11111000 11001111 11110100 11001111 11111100 00001111 11110010 11111111 11111010 00001111 11110110 00001111 11111110 00001111 11110001 00001111 11111001 11111111 11110101 11111111 11111101 11111111 11110011 11111111 11111011 11111111 11110111 11111111 11111111 11111111
GuestBB4:     r1110000 11111111 11111000 00101111 11110100 11001111 11111100 00001111 11110010 11111111 11111010 00001111 11110110 00001111 11111110 00001111 11110001 00001111 11111001 11111111 11110101 11111111 11111101 11111111 11110011 11111111 11111011 11111111 11110111 11111111 11111111 11111111
GuestBB5:     r1110000 11111111 11111000 10101111 11110100 11001111 11111100 00001111 11110010 11111111 11111010 00001111 11110110 00001111 11111110 00001111 11110001 00001111 11111001 11111111 11110101 11111111 11111101 11111111 11110011 11111111 11111011 11111111 11110111 11111111 11111111 11111111
GuestBB6:     r1110000 11111111 11111000 01101111 11110100 11001111 11111100 00001111 11110010 11111111 11111010 00001111 11110110 00001111 11111110 00001111 11110001 00001111 11111001 11111111 11110101 11111111 11111101 11111111 11110011 11111111 11111011 11111111 11110111 11111111 11111111 11111111
GuestBB7:     r1110000 11111111 11111000 11101111 11110100 11001111 11111100 00001111 11110010 11111111 11111010 00001111 11110110 00001111 11111110 00001111 11110001 00001111 11111001 11111111 11110101 11111111 11111101 11111111 11110011 11111111 11111011 11111111 11110111 11111111 11111111 11111111
GuestBB8:     r1110000 11111111 11111000 00011111 11110100 11001111 11111100 00001111 11110010 11111111 11111010 00001111 11110110 00001111 11111110 00001111 11110001 00001111 11111001 11111111 11110101 11111111 11111101 11111111 11110011 11111111 11111011 11111111 11110111 11111111 11111111 11111111
GuestBB9:     r1110000 11111111 11111000 10011111 11110100 11001111 11111100 00001111 11110010 11111111 11111010 00001111 11110110 00001111 11111110 00001111 11110001 00001111 11111001 11111111 11110101 11111111 11111101 11111111 11110011 11111111 11111011 11111111 11110111 11111111 11111111 11111111
GuestB0B:     r1110000 00001111 11111000 11111111 11110100 11001111 11111100 00001111 11110010 11111111 11111010 00001111 11110110 00001111 11111110 00001111 11110001 00001111 11111001 11111111 11110101 11111111 11111101 11111111 11110011 11111111 11111011 11111111 11110111 11111111 11111111 11111111
Home BB0:     r1110000 11111111 11111000 11111111 11110100 11001111 11111100 00001111 11110010 11111111 11111010 00001111 11110110 00001111 11111110 00001111 11110001 00001111 11111001 11111111 11110101 00001111 11111101 11111111 11110011 11111111 11111011 11111111 11110111 11111111 11111111 11111111
Home B0B:     r1110000 11111111 11111000 11111111 11110100 11001111 11111100 00001111 11110010 11111111 11111010 00001111 11110110 00001111 11111110 00001111 11110001 00001111 11111001 00001111 11110101 11111111 11111101 11111111 11110011 11111111 11111011 11111111 11110111 11111111 11111111 11111111
